seed=20260903  sampled witness/term positions (0-based): [2032, 2194, 2554, 3467, 3828, 4017, 4428, 5465, 5693, 7281, 7632, 7901, 8270, 8446, 10533, 11130, 11944, 12802, 12979, 14316]

   pos  column mass act_v  verdict  detail
----------------------------------------------------------------------------------
  2032  528743    5    10       OK  neg=[(0, 5), (4, 6), (2, 7), (3, 8), (3, 9)] pos=[(0, 1), (0, 1), (2, 3), (0, 2), (1, 4)] carrier=Nonex0 coef_digits=436
  2194  529016    5    10       OK  neg=[(1, 4), (0, 5), (2, 7), (6, 8), (2, 9)] pos=[(0, 1), (0, 1), (2, 3), (0, 2), (4, 6)] carrier=Nonex0 coef_digits=439
  2554  529708    5    10       OK  neg=[(0, 5), (5, 6), (2, 7), (1, 8), (1, 9)] pos=[(0, 1), (0, 1), (2, 3), (0, 2), (1, 4)] carrier=Nonex0 coef_digits=435
  3467  534178    5    10       OK  neg=[(2, 3), (0, 2), (1, 4), (4, 7), (5, 9)] pos=[(0, 1), (0, 1), (3, 5), (2, 6), (3, 8)] carrier=Nonex0 coef_digits=425
  3828  534624    5    10       OK  neg=[(0, 1), (0, 1), (1, 4), (2, 6), (4, 9)] pos=[(2, 3), (0, 2), (3, 5), (5, 7), (7, 8)] carrier=Nonex0 coef_digits=428
  4017  534862    5    10       OK  neg=[(2, 3), (1, 4), (3, 5), (2, 6), (1, 9)] pos=[(0, 1), (0, 1), (0, 2), (6, 7), (5, 8)] carrier=Nonex0 coef_digits=433
  4428  535792    5    10       OK  neg=[(0, 2), (1, 4), (3, 5), (6, 7), (7, 9)] pos=[(0, 1), (0, 1), (2, 3), (5, 6), (7, 8)] carrier=Nonex0 coef_digits=427
  5465  545419    5    10       OK  neg=[(0, 1), (0, 1), (3, 7), (3, 8), (3, 9)] pos=[(2, 3), (0, 2), (2, 4), (2, 5), (2, 6)] carrier=Nonex0 coef_digits=422
  5693  546311    5    10       OK  neg=[(2, 3), (0, 2), (2, 5), (4, 8), (5, 9)] pos=[(0, 1), (0, 1), (2, 4), (3, 6), (3, 7)] carrier=Nonex0 coef_digits=432
  7281  588522    5    10       OK  neg=[(0, 3), (1, 2), (6, 7), (7, 8), (1, 9)] pos=[(0, 1), (0, 2), (0, 4), (3, 5), (5, 6)] carrier=Nonex0 coef_digits=420
  7632  604376    5    10       OK  neg=[(4, 5), (6, 7), (1, 6), (5, 8), (2, 7)] pos=[(0, 1), (0, 2), (0, 3), (8, 9), (1, 4)] carrier=Nonex0 coef_digits=61
  7901  674202    5    11       OK  neg=[(0, 1), (0, 1), (0, 2), (0, 6), (7, 10)] pos=[(2, 3), (1, 4), (0, 5), (3, 7), (8, 9)] carrier=Nonex0 coef_digits=68
  8270  674764    5    11       OK  neg=[(2, 3), (0, 5), (4, 7), (8, 9), (6, 10)] pos=[(0, 1), (0, 1), (0, 2), (1, 4), (3, 6)] carrier=Nonex0 coef_digits=65
  8446  674954    5    11       OK  neg=[(2, 3), (0, 2), (0, 5), (3, 6), (5, 10)] pos=[(0, 1), (0, 1), (1, 4), (6, 7), (8, 9)] carrier=Nonex0 coef_digits=68
 10533  679263    5    11       OK  neg=[(0, 1), (0, 1), (5, 7), (8, 9), (3, 10)] pos=[(2, 3), (0, 2), (2, 4), (0, 5), (5, 6)] carrier=Nonex0 coef_digits=66
 11130  680661    5    11       OK  neg=[(0, 1), (0, 1), (2, 3), (0, 2), (3, 10)] pos=[(2, 4), (2, 5), (2, 6), (7, 8), (7, 9)] carrier=Nonex0 coef_digits=60
 11944  682425    5    11       OK  neg=[(2, 3), (0, 2), (0, 7), (8, 9), (0, 10)] pos=[(0, 1), (0, 1), (4, 5), (3, 4), (4, 6)] carrier=Nonex0 coef_digits=62
 12802  685842    5    11       OK  neg=[(0, 1), (0, 1), (0, 6), (0, 8), (0, 10)] pos=[(2, 3), (2, 4), (2, 5), (2, 7), (6, 9)] carrier=Nonex0 coef_digits=62
 12979  686097    5    11       OK  neg=[(0, 1), (0, 1), (2, 7), (4, 9), (5, 10)] pos=[(2, 3), (2, 4), (2, 5), (0, 6), (3, 8)] carrier=Nonex0 coef_digits=61
 14316  691183    5    11       OK  neg=[(0, 1), (0, 1), (0, 4), (2, 5), (1, 10)] pos=[(0, 2), (0, 3), (6, 7), (6, 8), (7, 9)] carrier=Nonex0 coef_digits=62

ALL 20 SPOT CHECKS OK: True
